l_i_j_1*4l
32 5.46133 0
64 5.63751 0
96 6.20867 0
128 5.17815 0
160 5.29884 0
192 5.30378 0
224 5.42182 0
256 4.49611 0
288 5.08794 0
320 4.95359 0
352 5.55701 0
384 4.99785 0
416 5.54291 0
448 5.14537 0
480 5.33179 0
512 3.71023 0
544 5.54724 0
576 5.3486 0
608 5.54576 0
640 5.00867 0
672 5.53495 0
704 5.36069 0
736 5.50884 0
768 4.44868 0
800 5.47248 0
832 5.26221 0
864 5.42256 0
896 4.93202 0
928 5.38311 0
960 5.20396 0
992 5.34541 0
1024 3.61656 0
1056 5.30514 0
1088 5.10969 0
1120 5.26619 0
1152 4.7799 0
1184 5.22613 0
1216 5.08826 0
1248 5.23207 0
1280 4.32206 0
1312 5.19947 0
1344 5.03296 0
1376 5.17765 0
1408 4.7614 0
1440 5.11379 0
