naive_i_j_l
32 3.2768 0
64 3.15836 0
96 2.56445 0
128 2.06007 0
160 2.32727 0
192 2.09902 0
224 2.15459 0
256 1.60555 0
288 2.21975 0
320 2.15799 0
352 2.18716 0
384 2.01621 0
416 2.05054 0
448 1.98073 0
480 1.95875 0
512 0.962352 0
544 1.96575 0
576 1.9221 0
608 1.91779 0
640 1.84588 0
672 1.92996 0
704 1.83338 0
736 1.80891 0
768 1.23218 0
800 1.77085 0
832 1.775 0
864 1.73142 0
896 1.73802 0
928 1.75199 0
960 1.72586 0
992 1.67751 0
1024 0.629029 0
1056 1.60223 0
1088 1.5684 0
1120 1.53262 0
1152 1.5864 0
1184 1.49557 0
1216 1.4371 0
1248 1.43759 0
1280 0.709891 0
1312 1.36486 0
1344 1.34088 0
1376 1.28437 0
1408 0.883186 0
1440 1.34031 0
