naive_l_i_j
32 2.97891 0
64 3.56659 0
96 3.91476 0
128 4.02138 0
160 4.16049 0
192 4.29353 0
224 4.44685 0
256 4.44077 0
288 4.26227 0
320 4.20507 0
352 4.44703 0
384 4.29353 0
416 4.34035 0
448 4.21564 0
480 4.19624 0
512 4.27936 0
544 4.35677 0
576 4.32286 0
608 4.27231 0
640 4.30482 0
672 4.36166 0
704 4.3314 0
736 4.23706 0
768 4.06188 0
800 4.11913 0
832 3.87351 0
864 3.86947 0
896 3.68789 0
928 3.54403 0
960 3.45231 0
992 3.14451 0
1024 2.99747 0
1056 2.93927 0
1088 2.65681 0
1120 2.69072 0
1152 2.62891 0
1184 2.63651 0
1216 2.60819 0
1248 2.61435 0
1280 2.63726 0
1312 2.70968 0
1344 2.7303 0
1376 2.76608 0
1408 2.76293 0
1440 2.75436 0
