openblas
32 13.1072 2.66454e-15
64 58.2542 5.32907e-15
96 61.0163 8.88178e-15
128 52.4288 8.88178e-15
160 55.7279 1.24345e-14
192 55.9517 1.77636e-14
224 56.057 2.13163e-14
256 55.0976 2.84217e-14
288 54.4763 2.84217e-14
320 60.2353 3.55271e-14
352 61.908 3.90799e-14
384 56.9649 5.32907e-14
416 56.9101 4.9738e-14
448 61.2086 5.32907e-14
480 61.3038 5.68434e-14
512 58.5592 6.03961e-14
544 61.6935 6.03961e-14
576 61.527 6.39488e-14
608 61.0998 7.81597e-14
640 59.068 7.81597e-14
672 61.9948 7.4607e-14
704 60.8553 9.23706e-14
736 59.6259 8.17124e-14
768 58.8712 9.9476e-14
800 62.4276 9.23706e-14
832 62.4586 1.13687e-13
864 62.3192 1.27898e-13
896 61.7048 1.20792e-13
928 62.431 1.7053e-13
960 62.5852 1.42109e-13
992 62.7756 1.49214e-13
1024 59.5432 1.35003e-13
1056 62.6141 1.63425e-13
1088 61.8802 1.49214e-13
1120 62.2393 1.56319e-13
1152 61.9936 1.77636e-13
1184 61.2935 1.56319e-13
1216 60.8981 2.06057e-13
1248 63.2232 1.56319e-13
1280 61.2271 1.91847e-13
1312 63.5651 1.63425e-13
1344 63.522 1.84741e-13
1376 62.7583 1.77636e-13
1408 61.5226 2.34479e-13
1440 60.1898 1.98952e-13
