register
32 6.5536 0
64 6.47269 0
96 7.02171 0
128 6.84226 0
160 8.11089 0
192 7.02171 0
224 7.5814 0
256 6.03172 0
288 7.78233 0
320 7.61161 0
352 7.70637 0
384 7.19389 0
416 8.03071 0
448 7.47457 0
480 7.62888 0
512 4.59398 0
544 7.84586 0
576 7.51324 0
608 7.83694 0
640 6.96617 0
672 7.88209 0
704 7.60699 0
736 8.00209 0
768 6.03011 0
800 7.95358 0
832 7.43962 0
864 7.83799 0
896 6.87686 0
928 7.73764 0
960 7.41811 0
992 7.67766 0
1024 4.5631 0
1056 7.52132 0
1088 7.18047 0
1120 7.41504 0
1152 6.62418 0
1184 7.40439 0
1216 7.1281 0
1248 7.39121 0
1280 5.70884 0
1312 7.29877 0
1344 6.99382 0
1376 7.28084 0
1408 6.50791 0
1440 7.25651 0
