register_plus
32 7.28178 0
64 7.48983 0
96 8.42606 0
128 8.54237 0
160 7.71375 0
192 8.6792 0
224 8.64904 0
256 8.65474 0
288 8.47388 0
320 8.46609 0
352 7.39851 0
384 8.32142 0
416 8.56733 0
448 8.59119 0
480 8.46864 0
512 8.27866 0
544 7.78365 0
576 8.07756 0
608 8.15973 0
640 8.14592 0
672 7.9795 0
704 8.26203 0
736 8.26365 0
768 7.76936 0
800 8.19364 0
832 7.00965 0
864 8.0852 0
896 7.2792 0
928 7.62161 0
960 7.68257 0
992 7.4775 0
1024 7.55885 0
1056 7.52399 0
1088 7.57561 0
1120 7.58895 0
1152 7.46806 0
1184 7.28365 0
1216 7.62713 0
1248 7.48055 0
1280 7.52178 0
1312 7.65475 0
1344 7.42376 0
1376 7.74267 0
1408 7.21838 0
1440 7.70194 0
